#
# Configuration of external inputs 
#
# Distribution of location parameter:
#   Peak 0 (1.00): mu = -20.0, dispersion = 50.0
#
# Single pulses
#   Each line specifies the characteristics of a particular pulse of stimulation,
#   and is structured in 5 different fields separated by spaces. The order of the
#   fields is: 
#       1. time onset of the pulse, 
#       2. duration of the pulse
#       3. angle (in degrees) where the pulse is applied, 
#       4. intensity of the pulse,
#       5. concentration of the pulse (in a von Mises distribution)
#
# time onset    duration      theta     Imax   concentration
# -----------------------------------------------------------
        0.10        3.00     -20.10     0.50            5.00
        3.20        0.20     -20.00     0.50            5.00
        3.40        0.20     -19.88     0.50            5.00
        3.60        0.20     -19.76     0.50            5.00
        3.80        0.20     -19.64     0.50            5.00
        4.00        0.20     -19.52     0.50            5.00
        4.20        0.20     -19.40     0.50            5.00
        4.40        0.20     -19.28     0.50            5.00
        4.60        0.20     -19.16     0.50            5.00
        4.80        0.20     -19.04     0.50            5.00
        5.00        0.20     -18.92     0.50            5.00
        5.20        0.20     -18.80     0.50            5.00
        5.40        0.20     -18.68     0.50            5.00
        5.60        0.20     -18.56     0.50            5.00
        5.80        0.20     -18.44     0.50            5.00
        6.00        0.20     -18.32     0.50            5.00
        6.20        0.20     -18.20     0.50            5.00
        6.40        0.20     -18.08     0.50            5.00
        6.60        0.20     -17.96     0.50            5.00
        6.80        0.20     -17.84     0.50            5.00
        7.00        0.20     -17.72     0.50            5.00
        7.20        0.20     -17.60     0.50            5.00
        7.40        0.20     -17.48     0.50            5.00
        7.60        0.20     -17.36     0.50            5.00
        7.80        0.20     -17.24     0.50            5.00
        8.00        0.20     -17.12     0.50            5.00
        8.20        0.20     -17.00     0.50            5.00
        8.40        0.20     -16.88     0.50            5.00
        8.60        0.20     -16.76     0.50            5.00
        8.80        0.20     -16.64     0.50            5.00
        9.00        0.20     -16.52     0.50            5.00
        9.20        0.20     -16.40     0.50            5.00
        9.40        0.20     -16.28     0.50            5.00
        9.60        0.20     -16.16     0.50            5.00
        9.80        0.20     -16.04     0.50            5.00
       10.00        0.20     -15.92     0.50            5.00
       10.20        0.20     -15.80     0.50            5.00
       10.40        0.20     -15.68     0.50            5.00
       10.60        0.20     -15.56     0.50            5.00
       10.80        0.20     -15.44     0.50            5.00
       11.00        0.20     -15.32     0.50            5.00
       11.20        0.20     -15.20     0.50            5.00
       11.40        0.20     -15.08     0.50            5.00
       11.60        0.20     -14.96     0.50            5.00
       11.80        0.20     -14.84     0.50            5.00
       12.00        0.20     -14.72     0.50            5.00
       12.20        0.20     -14.60     0.50            5.00
       12.40        0.20     -14.48     0.50            5.00
       12.60        0.20     -14.36     0.50            5.00
       12.80        0.20     -14.24     0.50            5.00
       13.00        0.20     -14.12     0.50            5.00
       13.20        0.20     -14.00     0.50            5.00
       13.40        0.20     -13.88     0.50            5.00
       13.60        0.20     -13.76     0.50            5.00
       13.80        0.20     -13.64     0.50            5.00
       14.00        0.20     -13.52     0.50            5.00
       14.20        0.20     -13.40     0.50            5.00
       14.40        0.20     -13.28     0.50            5.00
       14.60        0.20     -13.16     0.50            5.00
       14.80        0.20     -13.04     0.50            5.00
       15.00        0.20     -12.92     0.50            5.00
       15.20        0.20     -12.80     0.50            5.00
       15.40        0.20     -12.68     0.50            5.00
       15.60        0.20     -12.56     0.50            5.00
       15.80        0.20     -12.44     0.50            5.00
       16.00        0.20     -12.32     0.50            5.00
       16.20        0.20     -12.20     0.50            5.00
       16.40        0.20     -12.08     0.50            5.00
       16.60        0.20     -11.96     0.50            5.00
       16.80        0.20     -11.84     0.50            5.00
       17.00        0.20     -11.72     0.50            5.00
       17.20        0.20     -11.60     0.50            5.00
       17.40        0.20     -11.48     0.50            5.00
       17.60        0.20     -11.36     0.50            5.00
       17.80        0.20     -11.24     0.50            5.00
       18.00        0.20     -11.12     0.50            5.00
       18.20        0.20     -11.00     0.50            5.00
       18.40        0.20     -10.88     0.50            5.00
       18.60        0.20     -10.76     0.50            5.00
       18.80        0.20     -10.64     0.50            5.00
       19.00        0.20     -10.52     0.50            5.00
       19.20        0.20     -10.40     0.50            5.00
       19.40        0.20     -10.28     0.50            5.00
       19.60        0.20     -10.16     0.50            5.00
       19.80        0.20     -10.04     0.50            5.00
       20.00        0.20      -9.92     0.50            5.00
       20.20        0.20      -9.80     0.50            5.00
       20.40        0.20      -9.68     0.50            5.00
       20.60        0.20      -9.56     0.50            5.00
       20.80        0.20      -9.44     0.50            5.00
       21.00        0.20      -9.32     0.50            5.00
       21.20        0.20      -9.20     0.50            5.00
       21.40        0.20      -9.08     0.50            5.00
       21.60        0.20      -8.96     0.50            5.00
       21.80        0.20      -8.84     0.50            5.00
       22.00        0.20      -8.72     0.50            5.00
       22.20        0.20      -8.60     0.50            5.00
       22.40        0.20      -8.48     0.50            5.00
       22.60        0.20      -8.36     0.50            5.00
       22.80        0.20      -8.24     0.50            5.00
       23.00        0.20      -8.12     0.50            5.00
       23.20        0.20      -8.00     0.50            5.00
       23.40        0.20      -7.88     0.50            5.00
       23.60        0.20      -7.76     0.50            5.00
       23.80        0.20      -7.64     0.50            5.00
       24.00        0.20      -7.52     0.50            5.00
       24.20        0.20      -7.40     0.50            5.00
       24.40        0.20      -7.28     0.50            5.00
       24.60        0.20      -7.16     0.50            5.00
       24.80        0.20      -7.04     0.50            5.00
       25.00        0.20      -6.92     0.50            5.00
       25.20        0.20      -6.80     0.50            5.00
       25.40        0.20      -6.68     0.50            5.00
       25.60        0.20      -6.56     0.50            5.00
       25.80        0.20      -6.44     0.50            5.00
       26.00        0.20      -6.32     0.50            5.00
       26.20        0.20      -6.20     0.50            5.00
       26.40        0.20      -6.08     0.50            5.00
       26.60        0.20      -5.96     0.50            5.00
       26.80        0.20      -5.84     0.50            5.00
       27.00        0.20      -5.72     0.50            5.00
       27.20        0.20      -5.60     0.50            5.00
       27.40        0.20      -5.48     0.50            5.00
       27.60        0.20      -5.36     0.50            5.00
       27.80        0.20      -5.24     0.50            5.00
       28.00        0.20      -5.12     0.50            5.00
       28.20        0.20      -5.00     0.50            5.00
       28.40        0.20      -4.88     0.50            5.00
       28.60        0.20      -4.76     0.50            5.00
       28.80        0.20      -4.64     0.50            5.00
       29.00        0.20      -4.52     0.50            5.00
       29.20        0.20      -4.40     0.50            5.00
       29.40        0.20      -4.28     0.50            5.00
       29.60        0.20      -4.16     0.50            5.00
       29.80        0.20      -4.04     0.50            5.00
       30.00        0.20      -3.92     0.50            5.00
       30.20        0.20      -3.80     0.50            5.00
       30.40        0.20      -3.68     0.50            5.00
       30.60        0.20      -3.56     0.50            5.00
       30.80        0.20      -3.44     0.50            5.00
       31.00        0.20      -3.32     0.50            5.00
       31.20        0.20      -3.20     0.50            5.00
       31.40        0.20      -3.08     0.50            5.00
       31.60        0.20      -2.96     0.50            5.00
       31.80        0.20      -2.84     0.50            5.00
       32.00        0.20      -2.72     0.50            5.00
       32.20        0.20      -2.60     0.50            5.00
       32.40        0.20      -2.48     0.50            5.00
       32.60        0.20      -2.36     0.50            5.00
       32.80        0.20      -2.24     0.50            5.00
       33.00        0.20      -2.12     0.50            5.00
       33.20        0.20      -2.00     0.50            5.00
       33.40        0.20      -1.88     0.50            5.00
       33.60        0.20      -1.76     0.50            5.00
       33.80        0.20      -1.64     0.50            5.00
       34.00        0.20      -1.52     0.50            5.00
       34.20        0.20      -1.40     0.50            5.00
       34.40        0.20      -1.28     0.50            5.00
       34.60        0.20      -1.16     0.50            5.00
       34.80        0.20      -1.04     0.50            5.00
       35.00        0.20      -0.92     0.50            5.00
       35.20        0.20      -0.80     0.50            5.00
       35.40        0.20      -0.68     0.50            5.00
       35.60        0.20      -0.56     0.50            5.00
       35.80        0.20      -0.44     0.50            5.00
       36.00        0.20      -0.32     0.50            5.00
       36.20        0.20      -0.20     0.50            5.00
       36.40        0.20      -0.08     0.50            5.00
       36.60        0.20       0.04     0.50            5.00
       36.80        0.20       0.16     0.50            5.00
       37.00        0.20       0.28     0.50            5.00
       37.20        0.20       0.40     0.50            5.00
       37.40        0.20       0.52     0.50            5.00
       37.60        0.20       0.64     0.50            5.00
       37.80        0.20       0.76     0.50            5.00
       38.00        0.20       0.88     0.50            5.00
       38.20        0.20       1.00     0.50            5.00
       38.40        0.20       1.12     0.50            5.00
       38.60        0.20       1.24     0.50            5.00
       38.80        0.20       1.36     0.50            5.00
       39.00        0.20       1.48     0.50            5.00
