#
# Configuration of external inputs 
#
# Distribution of location parameter:
#   Peak 0 (1.00): mu =  0.0, dispersion = 50.0
#
# Single pulses
#   Each line specifies the characteristics of a particular pulse of stimulation,
#   and is structured in 5 different fields separated by spaces. The order of the
#   fields is: 
#       1. time onset of the pulse, 
#       2. duration of the pulse
#       3. angle (in degrees) where the pulse is applied, 
#       4. intensity of the pulse,
#       5. concentration of the pulse (in a von Mises distribution)
#
# time onset    duration      theta     I_s   concentration
# -----------------------------------------------------------
        0.10        0.10       7.29     0.20           10.00
        0.21        0.10       3.49     0.20           10.00
        0.32        0.10      -1.56     0.20           10.00
        0.43        0.10      -2.98     0.20           10.00
        0.54        0.10       0.42     0.20           10.00
        0.65        0.10       3.68     0.20           10.00
        0.76        0.10       6.56     0.20           10.00
        0.87        0.10      -0.83     0.20           10.00
        0.98        0.10       5.56     0.20           10.00
        1.09        0.10       4.65     0.20           10.00
        1.20        0.10       7.10     0.20           10.00
        1.31        0.10       2.12     0.20           10.00
        1.42        0.10       2.84     0.20           10.00
        1.53        0.10      -3.03     0.20           10.00
        1.64        0.10       1.46     0.20           10.00
        1.75        0.10      -2.33     0.20           10.00
        1.86        0.10      -4.38     0.20           10.00
        1.97        0.10      -4.67     0.20           10.00
        2.08        0.10      -3.24     0.20           10.00
        2.19        0.10      -2.20     0.20           10.00
        2.30        0.10      -0.73     0.20           10.00
        2.41        0.10      -2.23     0.20           10.00
        2.52        0.10      -8.00     0.20           10.00
        2.63        0.10       0.45     0.20           10.00
        2.74        0.10      -2.28     0.20           10.00
        2.85        0.10      -4.57     0.20           10.00
        2.96        0.10      -3.96     0.20           10.00
        3.07        0.10      -4.29     0.20           10.00
        3.18        0.10       0.93     0.20           10.00
        3.29        0.10       1.83     0.20           10.00
        3.40        0.10      -7.01     0.20           10.00
        3.51        0.10       5.01     0.20           10.00
        3.62        0.10      -1.64     0.20           10.00
        3.73        0.10      -6.95     0.20           10.00
        3.84        0.10       1.81     0.20           10.00
        3.95        0.10       6.36     0.20           10.00
        4.06        0.10       7.89     0.20           10.00
        4.17        0.10      -1.46     0.20           10.00
        4.28        0.10      -0.77     0.20           10.00
        4.39        0.10       1.07     0.20           10.00
        4.50        0.10      -1.01     0.20           10.00
        4.61        0.10       4.25     0.20           10.00
        4.72        0.10       3.07     0.20           10.00
        4.83        0.10      -2.96     0.20           10.00
        4.94        0.10      -0.50     0.20           10.00
        5.05        0.10      -7.93     0.20           10.00
        5.16        0.10      -5.54     0.20           10.00
        5.27        0.10       6.54     0.20           10.00
        5.38        0.10       5.63     0.20           10.00
        5.49        0.10      -1.08     0.20           10.00
        5.60        0.10       5.88     0.20           10.00
        5.71        0.10       5.17     0.20           10.00
        5.82        0.10      -2.49     0.20           10.00
        5.93        0.10      -3.73     0.20           10.00
        6.04        0.10       6.36     0.20           10.00
        6.15        0.10      -3.97     0.20           10.00
        6.26        0.10       2.94     0.20           10.00
        6.37        0.10       3.33     0.20           10.00
        6.48        0.10      -4.53     0.20           10.00
        6.59        0.10       0.75     0.20           10.00
        6.70        0.10      -2.20     0.20           10.00
        6.81        0.10      -4.08     0.20           10.00
        6.92        0.10      -2.05     0.20           10.00
        7.03        0.10       0.07     0.20           10.00
        7.14        0.10       2.52     0.20           10.00
        7.25        0.10       1.39     0.20           10.00
        7.36        0.10       5.02     0.20           10.00
        7.47        0.10      -0.94     0.20           10.00
        7.58        0.10      -1.56     0.20           10.00
        7.69        0.10       1.11     0.20           10.00
        7.80        0.10       0.58     0.20           10.00
        7.91        0.10      -0.02     0.20           10.00
        8.02        0.10      -4.85     0.20           10.00
        8.13        0.10      -3.38     0.20           10.00
        8.24        0.10       2.09     0.20           10.00
        8.35        0.10      -4.05     0.20           10.00
        8.46        0.10       3.57     0.20           10.00
        8.57        0.10       1.75     0.20           10.00
        8.68        0.10      -0.31     0.20           10.00
        8.79        0.10       2.99     0.20           10.00
        8.90        0.10      -3.33     0.20           10.00
        9.01        0.10      -0.16     0.20           10.00
        9.12        0.10       2.21     0.20           10.00
        9.23        0.10      -3.08     0.20           10.00
        9.34        0.10      -0.70     0.20           10.00
        9.45        0.10       0.06     0.20           10.00
        9.56        0.10      -5.67     0.20           10.00
        9.67        0.10       3.25     0.20           10.00
        9.78        0.10      -1.44     0.20           10.00
        9.89        0.10       4.32     0.20           10.00

        15.00       0.20       -5.00    0.50           10.00
