#
# Configuration of external inputs 
#
# Distribution of location parameter:
#   Peak 0 (0.50): mu = -45.0, dispersion = 40.0
#   Peak 1 (0.50): mu = 45.0, dispersion = 40.0
#
# Single pulses
#   Each line specifies the characteristics of a particular pulse of stimulation,
#   and is structured in 5 different fields separated by spaces. The order of the
#   fields is: 
#       1. time onset of the pulse, 
#       2. duration of the pulse
#       3. angle (in degrees) where the pulse is applied, 
#       4. intensity of the pulse,
#       5. concentration of the pulse (in a von Mises distribution)
#
# time onset    duration      theta     Imax   concentration
# -----------------------------------------------------------
         0.2         0.2      -44.4      0.4             5.0
         0.4         0.2       41.8      0.4             5.0
         0.6         0.2      -43.5      0.4             5.0
         0.9         0.2       49.9      0.4             5.0
         1.1         0.2      -50.1      0.4             5.0
         1.3         0.2       46.7      0.4             5.0
         1.5         0.2      -49.1      0.4             5.0
         1.7         0.2       44.0      0.4             5.0
         2.0         0.2      -48.9      0.4             5.0
         2.2         0.2       47.9      0.4             5.0
         2.4         0.2      -36.3      0.4             5.0
         2.6         0.2       45.5      0.4             5.0
         2.8         0.2      -41.4      0.4             5.0
         3.1         0.2       41.9      0.4             5.0
         3.3         0.2      -49.0      0.4             5.0
         3.5         0.2       48.6      0.4             5.0
         3.7         0.2      -50.0      0.4             5.0
         3.9         0.2       43.0      0.4             5.0
         4.2         0.2      -43.5      0.4             5.0
         4.4         0.2       49.5      0.4             5.0
         4.6         0.2      -54.0      0.4             5.0
         4.8         0.2       44.3      0.4             5.0
         5.0         0.2      -47.8      0.4             5.0
         5.3         0.2       41.9      0.4             5.0
         5.5         0.2      -45.5      0.4             5.0
         5.7         0.2       47.8      0.4             5.0
         5.9         0.2      -44.0      0.4             5.0
         6.1         0.2       41.3      0.4             5.0
         6.4         0.2      -46.5      0.4             5.0
         6.6         0.2       45.1      0.4             5.0
         6.8         0.2      -43.1      0.4             5.0
         7.0         0.2       41.5      0.4             5.0
         7.2         0.2      -51.5      0.4             5.0
         7.5         0.2       46.7      0.4             5.0
         7.7         0.2      -52.3      0.4             5.0
         7.9         0.2       47.5      0.4             5.0
         8.1         0.2      -51.7      0.4             5.0
         8.3         0.2       48.0      0.4             5.0
         8.6         0.2      -48.1      0.4             5.0
         8.8         0.2       41.6      0.4             5.0
         9.0         0.2      -34.3      0.4             5.0
         9.2         0.2       44.7      0.4             5.0
         9.4         0.2      -48.1      0.4             5.0
         9.7         0.2       48.0      0.4             5.0
         9.9         0.2      -42.9      0.4             5.0
        10.1         0.2       47.7      0.4             5.0
        10.3         0.2      -44.8      0.4             5.0
        10.5         0.2       37.7      0.4             5.0
        10.8         0.2      -47.2      0.4             5.0
        11.0         0.2       44.8      0.4             5.0
        11.2         0.2      -43.7      0.4             5.0
        11.4         0.2       47.4      0.4             5.0
        11.6         0.2      -50.3      0.4             5.0
        11.9         0.2       40.3      0.4             5.0
        12.1         0.2      -39.7      0.4             5.0
        12.3         0.2       43.1      0.4             5.0
        12.5         0.2      -50.1      0.4             5.0
        12.7         0.2       45.8      0.4             5.0
        13.0         0.2      -45.4      0.4             5.0
        13.2         0.2       45.7      0.4             5.0
        13.4         0.2      -50.6      0.4             5.0
        13.6         0.2       42.1      0.4             5.0
        13.8         0.2      -44.1      0.4             5.0
        14.1         0.2       44.5      0.4             5.0
        14.3         0.2      -46.5      0.4             5.0
        14.5         0.2       47.0      0.4             5.0
        14.7         0.2      -46.4      0.4             5.0
        14.9         0.2       41.9      0.4             5.0
        15.2         0.2      -47.7      0.4             5.0
        15.4         0.2       42.0      0.4             5.0
        15.6         0.2      -42.4      0.4             5.0
        15.8         0.2       44.2      0.4             5.0
        16.0         0.2      -58.6      0.4             5.0
        16.3         0.2       43.9      0.4             5.0
