#
# Configuration of external inputs 
#
# Distribution of location parameter:
#   Peak 0 (0.50): mu = -45.0, dispersion = 50.0
#   Peak 1 (0.50): mu = 45.0, dispersion = 50.0
#
# Single pulses
#   Each line specifies the characteristics of a particular pulse of stimulation,
#   and is structured in 5 different fields separated by spaces. The order of the
#   fields is: 
#       1. time onset of the pulse, 
#       2. duration of the pulse
#       3. angle (in degrees) where the pulse is applied, 
#       4. intensity of the pulse,
#       5. concentration of the pulse (in a von Mises distribution)
#
# time onset    duration      theta     I_s   concentration
# -----------------------------------------------------------
        0.10        0.10      49.40     0.20           10.00
        0.21        0.10      38.58     0.20           10.00
        0.32        0.10      42.37     0.20           10.00
        0.43        0.10     -44.46     0.20           10.00
        0.54        0.10      54.30     0.20           10.00
        0.65        0.10      45.10     0.20           10.00
        0.76        0.10      43.94     0.20           10.00
        0.87        0.10      43.73     0.20           10.00
        0.98        0.10      46.03     0.20           10.00
        1.09        0.10     -42.25     0.20           10.00
        1.20        0.10     -45.66     0.20           10.00
        1.31        0.10      48.00     0.20           10.00
        1.42        0.10     -46.25     0.20           10.00
        1.53        0.10      43.47     0.20           10.00
        1.64        0.10     -48.64     0.20           10.00
        1.75        0.10     -44.04     0.20           10.00
        1.86        0.10      46.10     0.20           10.00
        1.97        0.10      42.48     0.20           10.00
        2.08        0.10     -44.59     0.20           10.00
        2.19        0.10     -42.34     0.20           10.00
        2.30        0.10      46.57     0.20           10.00
        2.41        0.10     -40.03     0.20           10.00
        2.52        0.10     -49.09     0.20           10.00
        2.63        0.10     -44.33     0.20           10.00
        2.74        0.10      49.05     0.20           10.00
        2.85        0.10     -42.78     0.20           10.00
        2.96        0.10      50.33     0.20           10.00
        3.07        0.10      48.98     0.20           10.00
        3.18        0.10     -56.80     0.20           10.00
        3.29        0.10      41.62     0.20           10.00
        3.40        0.10      45.54     0.20           10.00
        3.51        0.10      41.83     0.20           10.00
        3.62        0.10      51.73     0.20           10.00
        3.73        0.10      47.81     0.20           10.00
        3.84        0.10     -48.31     0.20           10.00
        3.95        0.10      46.72     0.20           10.00
        4.06        0.10     -42.95     0.20           10.00
        4.17        0.10     -45.51     0.20           10.00
        4.28        0.10     -51.96     0.20           10.00
        4.39        0.10     -45.59     0.20           10.00
        4.50        0.10     -44.68     0.20           10.00
        4.61        0.10     -42.15     0.20           10.00
        4.72        0.10     -42.19     0.20           10.00
        4.83        0.10      44.31     0.20           10.00
        4.94        0.10      48.47     0.20           10.00
        5.05        0.10      44.75     0.20           10.00
        5.16        0.10      41.97     0.20           10.00
        5.27        0.10     -47.93     0.20           10.00
        5.38        0.10     -42.85     0.20           10.00
        5.49        0.10     -47.69     0.20           10.00
        5.60        0.10      42.31     0.20           10.00
        5.71        0.10     -46.87     0.20           10.00
        5.82        0.10      41.48     0.20           10.00
        5.93        0.10     -41.37     0.20           10.00
        6.04        0.10      42.80     0.20           10.00
        6.15        0.10      45.85     0.20           10.00
        6.26        0.10     -48.28     0.20           10.00
        6.37        0.10      56.05     0.20           10.00
        6.48        0.10     -49.69     0.20           10.00
        6.59        0.10     -43.42     0.20           10.00
        6.70        0.10      53.90     0.20           10.00
        6.81        0.10      40.91     0.20           10.00
        6.92        0.10      45.82     0.20           10.00
        7.03        0.10     -39.72     0.20           10.00
        7.14        0.10      46.94     0.20           10.00
        7.25        0.10     -48.58     0.20           10.00
        7.36        0.10     -50.25     0.20           10.00
        7.47        0.10      43.65     0.20           10.00
        7.58        0.10      46.79     0.20           10.00
        7.69        0.10     -40.57     0.20           10.00
        7.80        0.10      47.12     0.20           10.00
        7.91        0.10      48.09     0.20           10.00
        8.02        0.10      42.82     0.20           10.00
        8.13        0.10      45.89     0.20           10.00
        8.24        0.10      46.24     0.20           10.00
        8.35        0.10     -49.35     0.20           10.00
        8.46        0.10      44.58     0.20           10.00
        8.57        0.10      51.30     0.20           10.00
        8.68        0.10     -48.24     0.20           10.00
        8.79        0.10     -41.89     0.20           10.00
        8.90        0.10     -47.59     0.20           10.00
        9.01        0.10      44.79     0.20           10.00
        9.12        0.10      45.25     0.20           10.00
        9.23        0.10      45.58     0.20           10.00
        9.34        0.10      48.12     0.20           10.00
        9.45        0.10     -44.72     0.20           10.00
        9.56        0.10      39.96     0.20           10.00
        9.67        0.10     -42.27     0.20           10.00
        9.78        0.10     -40.18     0.20           10.00
        9.89        0.10     -41.19     0.20           10.00
       10.00        0.10     -41.41     0.20           10.00
