#
# Configuration of external inputs 
#
# Distribution of location parameter:
#   Uniform spread
#
# Single pulses
#   Each line specifies the characteristics of a particular pulse of stimulation,
#   and is structured in 5 different fields separated by spaces. The order of the
#   fields is: 
#       1. time onset of the pulse, 
#       2. duration of the pulse
#       3. angle (in degrees) where the pulse is applied, 
#       4. intensity of the pulse,
#       5. concentration of the pulse (in a von Mises distribution)
#
# time onset    duration      theta     I_s     concentration
# -----------------------------------------------------------
        0.10        0.10     -39.49     0.20           10.00
        0.21        0.10      12.70     0.20           10.00
        0.32        0.10     -89.55     0.20           10.00
        0.43        0.10      57.50     0.20           10.00
        0.54        0.10      74.17     0.20           10.00
        0.65        0.10     -25.96     0.20           10.00
        0.76        0.10      66.55     0.20           10.00
        0.87        0.10     -29.19     0.20           10.00
        0.98        0.10     -38.39     0.20           10.00
        1.09        0.10      -1.81     0.20           10.00
        1.20        0.10     -76.33     0.20           10.00
        1.31        0.10       2.64     0.20           10.00
        1.42        0.10      51.82     0.20           10.00
        1.53        0.10      58.08     0.20           10.00
        1.64        0.10       3.53     0.20           10.00
        1.75        0.10     -31.50     0.20           10.00
        1.86        0.10      17.78     0.20           10.00
        1.97        0.10     -15.96     0.20           10.00
        2.08        0.10     -30.17     0.20           10.00
        2.19        0.10      15.57     0.20           10.00
        2.30        0.10      55.72     0.20           10.00
        2.41        0.10     -11.63     0.20           10.00
        2.52        0.10     -40.19     0.20           10.00
        2.63        0.10     -39.34     0.20           10.00
        2.74        0.10     -51.00     0.20           10.00
        2.85        0.10      52.34     0.20           10.00
        2.96        0.10      78.54     0.20           10.00
        3.07        0.10     -48.60     0.20           10.00
        3.18        0.10      15.88     0.20           10.00
        3.29        0.10     -58.50     0.20           10.00
        3.40        0.10     -72.27     0.20           10.00
        3.51        0.10      85.50     0.20           10.00
        3.62        0.10      60.89     0.20           10.00
        3.73        0.10      -0.71     0.20           10.00
        3.84        0.10     -59.29     0.20           10.00
        3.95        0.10     -16.51     0.20           10.00
        4.06        0.10       2.77     0.20           10.00
        4.17        0.10      64.25     0.20           10.00
        4.28        0.10      79.12     0.20           10.00
        4.39        0.10     -40.93     0.20           10.00
        4.50        0.10     -32.46     0.20           10.00
        4.61        0.10     -66.09     0.20           10.00
        4.72        0.10      80.59     0.20           10.00
        4.83        0.10      48.32     0.20           10.00
        4.94        0.10      79.80     0.20           10.00
        5.05        0.10     -15.70     0.20           10.00
        5.16        0.10      32.41     0.20           10.00
        5.27        0.10       3.01     0.20           10.00
        5.38        0.10      42.06     0.20           10.00
        5.49        0.10      40.97     0.20           10.00
        5.60        0.10     -45.77     0.20           10.00
        5.71        0.10      52.16     0.20           10.00
        5.82        0.10      79.36     0.20           10.00
        5.93        0.10      85.81     0.20           10.00
        6.04        0.10     -10.30     0.20           10.00
        6.15        0.10      37.03     0.20           10.00
        6.26        0.10      32.15     0.20           10.00
        6.37        0.10     -18.65     0.20           10.00
        6.48        0.10     -18.06     0.20           10.00
        6.59        0.10     -14.65     0.20           10.00
        6.70        0.10     -70.18     0.20           10.00
        6.81        0.10     -30.41     0.20           10.00
        6.92        0.10     -53.36     0.20           10.00
        7.03        0.10      46.22     0.20           10.00
        7.14        0.10      85.94     0.20           10.00
        7.25        0.10       1.86     0.20           10.00
        7.36        0.10     -69.20     0.20           10.00
        7.47        0.10      13.98     0.20           10.00
        7.58        0.10     -63.03     0.20           10.00
        7.69        0.10     -54.68     0.20           10.00
        7.80        0.10      21.66     0.20           10.00
        7.91        0.10      24.11     0.20           10.00
        8.02        0.10     -80.97     0.20           10.00
        8.13        0.10       6.54     0.20           10.00
        8.24        0.10     -15.87     0.20           10.00
        8.35        0.10       4.06     0.20           10.00
        8.46        0.10     -34.22     0.20           10.00
        8.57        0.10      15.68     0.20           10.00
        8.68        0.10      20.74     0.20           10.00
        8.79        0.10     -15.39     0.20           10.00
        8.90        0.10      54.17     0.20           10.00
        9.01        0.10       0.88     0.20           10.00
        9.12        0.10      72.81     0.20           10.00
        9.23        0.10     -52.49     0.20           10.00
        9.34        0.10      64.48     0.20           10.00
        9.45        0.10      15.16     0.20           10.00
        9.56        0.10      63.62     0.20           10.00
        9.67        0.10      42.83     0.20           10.00
        9.78        0.10     -38.18     0.20           10.00
        9.89        0.10       6.13     0.20           10.00
       10.00        0.10      61.24     0.20           10.00
       10.11        0.10      80.92     0.20           10.00
       10.22        0.10      85.37     0.20           10.00
       10.33        0.10     -24.81     0.20           10.00
       10.44        0.10     -86.14     0.20           10.00
       10.55        0.10      55.41     0.20           10.00
       10.66        0.10     -52.37     0.20           10.00
       10.77        0.10     -57.53     0.20           10.00
       10.88        0.10      86.15     0.20           10.00
       10.99        0.10      56.00     0.20           10.00
       11.10        0.10      56.83     0.20           10.00
       11.21        0.10     -46.25     0.20           10.00
       11.32        0.10      17.84     0.20           10.00
       11.43        0.10     -27.91     0.20           10.00
       11.54        0.10      61.98     0.20           10.00
       11.65        0.10      64.55     0.20           10.00
       11.76        0.10      65.37     0.20           10.00
       11.87        0.10     -60.96     0.20           10.00
       11.98        0.10      52.31     0.20           10.00
       12.09        0.10      84.24     0.20           10.00
       12.20        0.10      75.86     0.20           10.00
       12.31        0.10     -17.88     0.20           10.00
       12.42        0.10     -23.71     0.20           10.00
       12.53        0.10     -19.12     0.20           10.00
       12.64        0.10      34.66     0.20           10.00
       12.75        0.10      51.57     0.20           10.00
       12.86        0.10     -56.22     0.20           10.00
       12.97        0.10      15.46     0.20           10.00
       13.08        0.10       0.62     0.20           10.00
       13.19        0.10     -17.92     0.20           10.00
       13.30        0.10     -15.07     0.20           10.00
       13.41        0.10     -25.67     0.20           10.00
       13.52        0.10     -71.54     0.20           10.00
       13.63        0.10      30.89     0.20           10.00
       13.74        0.10     -49.05     0.20           10.00
       13.85        0.10     -89.82     0.20           10.00
       13.96        0.10      51.94     0.20           10.00
       14.07        0.10     -10.59     0.20           10.00
       14.18        0.10     -35.69     0.20           10.00
       14.29        0.10      40.90     0.20           10.00
       14.40        0.10      48.16     0.20           10.00
       14.51        0.10     -33.80     0.20           10.00
       14.62        0.10      49.60     0.20           10.00
       14.73        0.10      47.34     0.20           10.00
       14.84        0.10       4.57     0.20           10.00
       14.95        0.10      81.16     0.20           10.00
       15.06        0.10     -58.51     0.20           10.00
       15.17        0.10     -56.93     0.20           10.00
       15.28        0.10      28.67     0.20           10.00
       15.39        0.10     -68.93     0.20           10.00
       15.50        0.10      43.36     0.20           10.00
       15.61        0.10     -54.40     0.20           10.00
       15.72        0.10     -31.44     0.20           10.00
       15.83        0.10      75.19     0.20           10.00
       15.94        0.10     -65.79     0.20           10.00
       16.05        0.10     -58.89     0.20           10.00
       16.16        0.10      83.19     0.20           10.00
       16.27        0.10     -58.43     0.20           10.00
       16.38        0.10      34.92     0.20           10.00
       16.49        0.10      -9.27     0.20           10.00
       16.60        0.10      16.65     0.20           10.00
       16.71        0.10     -37.98     0.20           10.00
       16.82        0.10      30.04     0.20           10.00
       16.93        0.10      33.11     0.20           10.00
       17.04        0.10     -88.58     0.20           10.00
       17.15        0.10      35.01     0.20           10.00
       17.26        0.10     -44.45     0.20           10.00
       17.37        0.10      68.85     0.20           10.00
       17.48        0.10     -51.97     0.20           10.00
       17.59        0.10     -16.41     0.20           10.00
       17.70        0.10     -56.65     0.20           10.00
       17.81        0.10     -71.92     0.20           10.00
       17.92        0.10      -8.22     0.20           10.00
       18.03        0.10      50.11     0.20           10.00
       18.14        0.10     -10.12     0.20           10.00
       18.25        0.10      74.02     0.20           10.00
       18.36        0.10     -58.55     0.20           10.00
       18.47        0.10      35.56     0.20           10.00
       18.58        0.10     -53.00     0.20           10.00
       18.69        0.10      43.79     0.20           10.00
       18.80        0.10      56.37     0.20           10.00
       18.91        0.10     -39.00     0.20           10.00
       19.02        0.10      58.86     0.20           10.00
       19.13        0.10      88.22     0.20           10.00
       19.24        0.10     -52.46     0.20           10.00
       19.35        0.10     -69.13     0.20           10.00
       19.46        0.10      34.85     0.20           10.00
       19.57        0.10     -33.86     0.20           10.00
       19.68        0.10       3.42     0.20           10.00
       19.79        0.10      48.36     0.20           10.00
